2020/03/03-14:52:30.376653 7fd206238700 RocksDB version: 5.13.3
2020/03/03-14:52:30.376694 7fd206238700 Git sha rocksdb_build_git_sha:
2020/03/03-14:52:30.376696 7fd206238700 Compile date Jun 11 2018
2020/03/03-14:52:30.376702 7fd206238700 DB SUMMARY
2020/03/03-14:52:30.376722 7fd206238700 SST files in data/standalone/bookkeeper0/current/ledgers dir, Total Num: 0, files: 
2020/03/03-14:52:30.376725 7fd206238700 Write Ahead Log file in data/standalone/bookkeeper0/current/ledgers: 
2020/03/03-14:52:30.376727 7fd206238700                         Options.error_if_exists: 0
2020/03/03-14:52:30.376728 7fd206238700                       Options.create_if_missing: 1
2020/03/03-14:52:30.376729 7fd206238700                         Options.paranoid_checks: 1
2020/03/03-14:52:30.376730 7fd206238700                                     Options.env: 0x7fd104a67f60
2020/03/03-14:52:30.376731 7fd206238700                                Options.info_log: 0x7fd202535c50
2020/03/03-14:52:30.376732 7fd206238700                Options.max_file_opening_threads: 16
2020/03/03-14:52:30.376733 7fd206238700                              Options.statistics: (nil)
2020/03/03-14:52:30.376733 7fd206238700                               Options.use_fsync: 0
2020/03/03-14:52:30.376734 7fd206238700                       Options.max_log_file_size: 0
2020/03/03-14:52:30.376735 7fd206238700                  Options.max_manifest_file_size: 18446744073709551615
2020/03/03-14:52:30.376736 7fd206238700                   Options.log_file_time_to_roll: 86400
2020/03/03-14:52:30.376737 7fd206238700                       Options.keep_log_file_num: 30
2020/03/03-14:52:30.376738 7fd206238700                    Options.recycle_log_file_num: 0
2020/03/03-14:52:30.376739 7fd206238700                         Options.allow_fallocate: 1
2020/03/03-14:52:30.376740 7fd206238700                        Options.allow_mmap_reads: 0
2020/03/03-14:52:30.376741 7fd206238700                       Options.allow_mmap_writes: 0
2020/03/03-14:52:30.376742 7fd206238700                        Options.use_direct_reads: 0
2020/03/03-14:52:30.376743 7fd206238700                        Options.use_direct_io_for_flush_and_compaction: 0
2020/03/03-14:52:30.376745 7fd206238700          Options.create_missing_column_families: 0
2020/03/03-14:52:30.376746 7fd206238700                              Options.db_log_dir: 
2020/03/03-14:52:30.376747 7fd206238700                                 Options.wal_dir: data/standalone/bookkeeper0/current/ledgers
2020/03/03-14:52:30.376748 7fd206238700                Options.table_cache_numshardbits: 6
2020/03/03-14:52:30.376749 7fd206238700                      Options.max_subcompactions: 1
2020/03/03-14:52:30.376750 7fd206238700                  Options.max_background_flushes: -1
2020/03/03-14:52:30.376751 7fd206238700                         Options.WAL_ttl_seconds: 0
2020/03/03-14:52:30.376751 7fd206238700                       Options.WAL_size_limit_MB: 0
2020/03/03-14:52:30.376752 7fd206238700             Options.manifest_preallocation_size: 4194304
2020/03/03-14:52:30.376753 7fd206238700                     Options.is_fd_close_on_exec: 1
2020/03/03-14:52:30.376754 7fd206238700                   Options.advise_random_on_open: 1
2020/03/03-14:52:30.376755 7fd206238700                    Options.db_write_buffer_size: 0
2020/03/03-14:52:30.376756 7fd206238700                    Options.write_buffer_manager: 0x7fd202535ba0
2020/03/03-14:52:30.376757 7fd206238700         Options.access_hint_on_compaction_start: 1
2020/03/03-14:52:30.376758 7fd206238700  Options.new_table_reader_for_compaction_inputs: 0
2020/03/03-14:52:30.376759 7fd206238700           Options.random_access_max_buffer_size: 1048576
2020/03/03-14:52:30.376759 7fd206238700                      Options.use_adaptive_mutex: 0
2020/03/03-14:52:30.376760 7fd206238700                            Options.rate_limiter: (nil)
2020/03/03-14:52:30.376762 7fd206238700     Options.sst_file_manager.rate_bytes_per_sec: 0
2020/03/03-14:52:30.376763 7fd206238700                       Options.wal_recovery_mode: 2
2020/03/03-14:52:30.376764 7fd206238700                  Options.enable_thread_tracking: 0
2020/03/03-14:52:30.377407 7fd206238700                  Options.enable_pipelined_write: 0
2020/03/03-14:52:30.377411 7fd206238700         Options.allow_concurrent_memtable_write: 1
2020/03/03-14:52:30.377412 7fd206238700      Options.enable_write_thread_adaptive_yield: 1
2020/03/03-14:52:30.377413 7fd206238700             Options.write_thread_max_yield_usec: 100
2020/03/03-14:52:30.377414 7fd206238700            Options.write_thread_slow_yield_usec: 3
2020/03/03-14:52:30.377415 7fd206238700                               Options.row_cache: None
2020/03/03-14:52:30.377416 7fd206238700                              Options.wal_filter: None
2020/03/03-14:52:30.377416 7fd206238700             Options.avoid_flush_during_recovery: 0
2020/03/03-14:52:30.377417 7fd206238700             Options.allow_ingest_behind: 0
2020/03/03-14:52:30.377418 7fd206238700             Options.preserve_deletes: 0
2020/03/03-14:52:30.377419 7fd206238700             Options.two_write_queues: 0
2020/03/03-14:52:30.377420 7fd206238700             Options.manual_wal_flush: 0
2020/03/03-14:52:30.377422 7fd206238700             Options.max_background_jobs: 2
2020/03/03-14:52:30.377425 7fd206238700             Options.max_background_compactions: -1
2020/03/03-14:52:30.377427 7fd206238700             Options.avoid_flush_during_shutdown: 0
2020/03/03-14:52:30.377428 7fd206238700           Options.writable_file_max_buffer_size: 1048576
2020/03/03-14:52:30.377429 7fd206238700             Options.delayed_write_rate : 16777216
2020/03/03-14:52:30.377430 7fd206238700             Options.max_total_wal_size: 0
2020/03/03-14:52:30.377431 7fd206238700             Options.delete_obsolete_files_period_micros: 21600000000
2020/03/03-14:52:30.377432 7fd206238700                   Options.stats_dump_period_sec: 600
2020/03/03-14:52:30.377433 7fd206238700                          Options.max_open_files: -1
2020/03/03-14:52:30.377433 7fd206238700                          Options.bytes_per_sync: 0
2020/03/03-14:52:30.377434 7fd206238700                      Options.wal_bytes_per_sync: 0
2020/03/03-14:52:30.377435 7fd206238700       Options.compaction_readahead_size: 0
2020/03/03-14:52:30.377436 7fd206238700 Compression algorithms supported:
2020/03/03-14:52:30.377437 7fd206238700 	kZSTDNotFinalCompression supported: 1
2020/03/03-14:52:30.377444 7fd206238700 	kZSTD supported: 1
2020/03/03-14:52:30.377445 7fd206238700 	kXpressCompression supported: 0
2020/03/03-14:52:30.377446 7fd206238700 	kLZ4HCCompression supported: 1
2020/03/03-14:52:30.377447 7fd206238700 	kLZ4Compression supported: 1
2020/03/03-14:52:30.377448 7fd206238700 	kBZip2Compression supported: 1
2020/03/03-14:52:30.377449 7fd206238700 	kZlibCompression supported: 1
2020/03/03-14:52:30.377450 7fd206238700 	kSnappyCompression supported: 1
2020/03/03-14:52:30.377453 7fd206238700 Fast CRC32 supported: Not supported on x86
2020/03/03-14:52:30.377509 7fd206238700 [db/db_impl_open.cc:227] Creating manifest 1 
2020/03/03-14:52:30.391186 7fd206238700 [db/version_set.cc:3050] Recovering from manifest file: MANIFEST-000001
2020/03/03-14:52:30.391256 7fd206238700 [db/column_family.cc:433] --------------- Options for column family [default]:
2020/03/03-14:52:30.391260 7fd206238700               Options.comparator: leveldb.BytewiseComparator
2020/03/03-14:52:30.391261 7fd206238700           Options.merge_operator: None
2020/03/03-14:52:30.391262 7fd206238700        Options.compaction_filter: None
2020/03/03-14:52:30.391263 7fd206238700        Options.compaction_filter_factory: None
2020/03/03-14:52:30.391264 7fd206238700         Options.memtable_factory: SkipListFactory
2020/03/03-14:52:30.391265 7fd206238700            Options.table_factory: BlockBasedTable
2020/03/03-14:52:30.391286 7fd206238700            table_factory options:   flush_block_policy_factory: FlushBlockBySizePolicyFactory (0x7fd20253ace0)
  cache_index_and_filter_blocks: 0
  cache_index_and_filter_blocks_with_high_priority: 0
  pin_l0_filter_and_index_blocks_in_cache: 0
  index_type: 0
  hash_index_allow_collision: 1
  checksum: 1
  no_block_cache: 0
  block_cache: 0x7fd20253b5b0
  block_cache_name: LRUCache
  block_cache_options:
    capacity : 8388608
    num_shard_bits : 4
    strict_capacity_limit : 0
    high_pri_pool_ratio: 0.000
  block_cache_compressed: (nil)
  persistent_cache: (nil)
  block_size: 4096
  block_size_deviation: 10
  block_restart_interval: 16
  index_block_restart_interval: 1
  metadata_block_size: 4096
  partition_filters: 0
  use_delta_encoding: 1
  filter_policy: nullptr
  whole_key_filtering: 1
  verify_compression: 0
  read_amp_bytes_per_bit: 0
  format_version: 2
  enable_index_compression: 1
2020/03/03-14:52:30.391298 7fd206238700        Options.write_buffer_size: 67108864
2020/03/03-14:52:30.391299 7fd206238700  Options.max_write_buffer_number: 2
2020/03/03-14:52:30.391300 7fd206238700          Options.compression: Snappy
2020/03/03-14:52:30.391301 7fd206238700                  Options.bottommost_compression: Disabled
2020/03/03-14:52:30.391302 7fd206238700       Options.prefix_extractor: nullptr
2020/03/03-14:52:30.391303 7fd206238700   Options.memtable_insert_with_hint_prefix_extractor: nullptr
2020/03/03-14:52:30.391304 7fd206238700             Options.num_levels: 7
2020/03/03-14:52:30.391305 7fd206238700        Options.min_write_buffer_number_to_merge: 1
2020/03/03-14:52:30.391306 7fd206238700     Options.max_write_buffer_number_to_maintain: 0
2020/03/03-14:52:30.391307 7fd206238700            Options.compression_opts.window_bits: -14
2020/03/03-14:52:30.391308 7fd206238700                  Options.compression_opts.level: 32767
2020/03/03-14:52:30.391309 7fd206238700               Options.compression_opts.strategy: 0
2020/03/03-14:52:30.391310 7fd206238700         Options.compression_opts.max_dict_bytes: 0
2020/03/03-14:52:30.391311 7fd206238700      Options.level0_file_num_compaction_trigger: 4
2020/03/03-14:52:30.391312 7fd206238700          Options.level0_slowdown_writes_trigger: 20
2020/03/03-14:52:30.391312 7fd206238700              Options.level0_stop_writes_trigger: 36
2020/03/03-14:52:30.391313 7fd206238700                   Options.target_file_size_base: 67108864
2020/03/03-14:52:30.391314 7fd206238700             Options.target_file_size_multiplier: 1
2020/03/03-14:52:30.391315 7fd206238700                Options.max_bytes_for_level_base: 268435456
2020/03/03-14:52:30.391316 7fd206238700 Options.level_compaction_dynamic_level_bytes: 0
2020/03/03-14:52:30.391318 7fd206238700          Options.max_bytes_for_level_multiplier: 10.000000
2020/03/03-14:52:30.391319 7fd206238700 Options.max_bytes_for_level_multiplier_addtl[0]: 1
2020/03/03-14:52:30.391321 7fd206238700 Options.max_bytes_for_level_multiplier_addtl[1]: 1
2020/03/03-14:52:30.391323 7fd206238700 Options.max_bytes_for_level_multiplier_addtl[2]: 1
2020/03/03-14:52:30.391323 7fd206238700 Options.max_bytes_for_level_multiplier_addtl[3]: 1
2020/03/03-14:52:30.391324 7fd206238700 Options.max_bytes_for_level_multiplier_addtl[4]: 1
2020/03/03-14:52:30.391325 7fd206238700 Options.max_bytes_for_level_multiplier_addtl[5]: 1
2020/03/03-14:52:30.391326 7fd206238700 Options.max_bytes_for_level_multiplier_addtl[6]: 1
2020/03/03-14:52:30.391327 7fd206238700       Options.max_sequential_skip_in_iterations: 8
2020/03/03-14:52:30.391328 7fd206238700                    Options.max_compaction_bytes: 1677721600
2020/03/03-14:52:30.391329 7fd206238700                        Options.arena_block_size: 8388608
2020/03/03-14:52:30.391330 7fd206238700   Options.soft_pending_compaction_bytes_limit: 68719476736
2020/03/03-14:52:30.391331 7fd206238700   Options.hard_pending_compaction_bytes_limit: 274877906944
2020/03/03-14:52:30.391332 7fd206238700       Options.rate_limit_delay_max_milliseconds: 100
2020/03/03-14:52:30.391333 7fd206238700                Options.disable_auto_compactions: 0
2020/03/03-14:52:30.391334 7fd206238700                        Options.compaction_style: kCompactionStyleLevel
2020/03/03-14:52:30.391335 7fd206238700                          Options.compaction_pri: kByCompensatedSize
2020/03/03-14:52:30.391336 7fd206238700 Options.compaction_options_universal.size_ratio: 1
2020/03/03-14:52:30.391341 7fd206238700 Options.compaction_options_universal.min_merge_width: 2
2020/03/03-14:52:30.391342 7fd206238700 Options.compaction_options_universal.max_merge_width: 4294967295
2020/03/03-14:52:30.391343 7fd206238700 Options.compaction_options_universal.max_size_amplification_percent: 200
2020/03/03-14:52:30.391344 7fd206238700 Options.compaction_options_universal.compression_size_percent: -1
2020/03/03-14:52:30.391345 7fd206238700 Options.compaction_options_universal.stop_style: kCompactionStopStyleTotalSize
2020/03/03-14:52:30.391346 7fd206238700 Options.compaction_options_fifo.max_table_files_size: 1073741824
2020/03/03-14:52:30.391347 7fd206238700 Options.compaction_options_fifo.allow_compaction: 0
2020/03/03-14:52:30.391348 7fd206238700 Options.compaction_options_fifo.ttl: 0
2020/03/03-14:52:30.391348 7fd206238700                   Options.table_properties_collectors: 
2020/03/03-14:52:30.391349 7fd206238700                   Options.inplace_update_support: 0
2020/03/03-14:52:30.391350 7fd206238700                 Options.inplace_update_num_locks: 10000
2020/03/03-14:52:30.391352 7fd206238700               Options.memtable_prefix_bloom_size_ratio: 0.000000
2020/03/03-14:52:30.391353 7fd206238700   Options.memtable_huge_page_size: 0
2020/03/03-14:52:30.391354 7fd206238700                           Options.bloom_locality: 0
2020/03/03-14:52:30.391354 7fd206238700                    Options.max_successive_merges: 0
2020/03/03-14:52:30.391355 7fd206238700                Options.optimize_filters_for_hits: 0
2020/03/03-14:52:30.391356 7fd206238700                Options.paranoid_file_checks: 0
2020/03/03-14:52:30.391357 7fd206238700                Options.force_consistency_checks: 0
2020/03/03-14:52:30.391358 7fd206238700                Options.report_bg_io_stats: 0
2020/03/03-14:52:30.392091 7fd206238700 [db/version_set.cc:3316] Recovered from manifest file:data/standalone/bookkeeper0/current/ledgers/MANIFEST-000001 succeeded,manifest_file_number is 1, next_file_number is 3, last_sequence is 0, log_number is 0,prev_log_number is 0,max_column_family is 0
2020/03/03-14:52:30.392097 7fd206238700 [db/version_set.cc:3324] Column family [default] (ID 0), log number is 0
2020/03/03-14:52:30.397964 7fd206238700 [db/db_impl_open.cc:1188] DB pointer 0x7fd202543850
