2020/03/03-14:52:30.404341 7fd206238700 RocksDB version: 5.13.3
2020/03/03-14:52:30.404378 7fd206238700 Git sha rocksdb_build_git_sha:
2020/03/03-14:52:30.404381 7fd206238700 Compile date Jun 11 2018
2020/03/03-14:52:30.404382 7fd206238700 DB SUMMARY
2020/03/03-14:52:30.404398 7fd206238700 SST files in data/standalone/bookkeeper0/current/locations dir, Total Num: 0, files: 
2020/03/03-14:52:30.404400 7fd206238700 Write Ahead Log file in data/standalone/bookkeeper0/current/locations: 
2020/03/03-14:52:30.404402 7fd206238700                         Options.error_if_exists: 0
2020/03/03-14:52:30.404403 7fd206238700                       Options.create_if_missing: 1
2020/03/03-14:52:30.404404 7fd206238700                         Options.paranoid_checks: 1
2020/03/03-14:52:30.404405 7fd206238700                                     Options.env: 0x7fd104a67f60
2020/03/03-14:52:30.404406 7fd206238700                                Options.info_log: 0x7fd2025ce320
2020/03/03-14:52:30.404407 7fd206238700                Options.max_file_opening_threads: 16
2020/03/03-14:52:30.404408 7fd206238700                              Options.statistics: (nil)
2020/03/03-14:52:30.404409 7fd206238700                               Options.use_fsync: 0
2020/03/03-14:52:30.404410 7fd206238700                       Options.max_log_file_size: 0
2020/03/03-14:52:30.404410 7fd206238700                  Options.max_manifest_file_size: 18446744073709551615
2020/03/03-14:52:30.404411 7fd206238700                   Options.log_file_time_to_roll: 86400
2020/03/03-14:52:30.404412 7fd206238700                       Options.keep_log_file_num: 30
2020/03/03-14:52:30.404413 7fd206238700                    Options.recycle_log_file_num: 0
2020/03/03-14:52:30.404414 7fd206238700                         Options.allow_fallocate: 1
2020/03/03-14:52:30.404415 7fd206238700                        Options.allow_mmap_reads: 0
2020/03/03-14:52:30.404416 7fd206238700                       Options.allow_mmap_writes: 0
2020/03/03-14:52:30.404417 7fd206238700                        Options.use_direct_reads: 0
2020/03/03-14:52:30.404418 7fd206238700                        Options.use_direct_io_for_flush_and_compaction: 0
2020/03/03-14:52:30.404419 7fd206238700          Options.create_missing_column_families: 0
2020/03/03-14:52:30.404419 7fd206238700                              Options.db_log_dir: 
2020/03/03-14:52:30.404420 7fd206238700                                 Options.wal_dir: data/standalone/bookkeeper0/current/locations
2020/03/03-14:52:30.404421 7fd206238700                Options.table_cache_numshardbits: 6
2020/03/03-14:52:30.404422 7fd206238700                      Options.max_subcompactions: 1
2020/03/03-14:52:30.404423 7fd206238700                  Options.max_background_flushes: 16
2020/03/03-14:52:30.404424 7fd206238700                         Options.WAL_ttl_seconds: 0
2020/03/03-14:52:30.404425 7fd206238700                       Options.WAL_size_limit_MB: 0
2020/03/03-14:52:30.404426 7fd206238700             Options.manifest_preallocation_size: 4194304
2020/03/03-14:52:30.404427 7fd206238700                     Options.is_fd_close_on_exec: 1
2020/03/03-14:52:30.404429 7fd206238700                   Options.advise_random_on_open: 1
2020/03/03-14:52:30.404430 7fd206238700                    Options.db_write_buffer_size: 0
2020/03/03-14:52:30.404431 7fd206238700                    Options.write_buffer_manager: 0x7fd2025cf310
2020/03/03-14:52:30.404432 7fd206238700         Options.access_hint_on_compaction_start: 1
2020/03/03-14:52:30.404433 7fd206238700  Options.new_table_reader_for_compaction_inputs: 0
2020/03/03-14:52:30.404434 7fd206238700           Options.random_access_max_buffer_size: 1048576
2020/03/03-14:52:30.404435 7fd206238700                      Options.use_adaptive_mutex: 0
2020/03/03-14:52:30.404436 7fd206238700                            Options.rate_limiter: (nil)
2020/03/03-14:52:30.404437 7fd206238700     Options.sst_file_manager.rate_bytes_per_sec: 0
2020/03/03-14:52:30.404438 7fd206238700                       Options.wal_recovery_mode: 2
2020/03/03-14:52:30.404439 7fd206238700                  Options.enable_thread_tracking: 0
2020/03/03-14:52:30.404445 7fd206238700                  Options.enable_pipelined_write: 0
2020/03/03-14:52:30.404446 7fd206238700         Options.allow_concurrent_memtable_write: 1
2020/03/03-14:52:30.404447 7fd206238700      Options.enable_write_thread_adaptive_yield: 1
2020/03/03-14:52:30.404448 7fd206238700             Options.write_thread_max_yield_usec: 100
2020/03/03-14:52:30.404449 7fd206238700            Options.write_thread_slow_yield_usec: 3
2020/03/03-14:52:30.404449 7fd206238700                               Options.row_cache: None
2020/03/03-14:52:30.404451 7fd206238700                              Options.wal_filter: None
2020/03/03-14:52:30.404451 7fd206238700             Options.avoid_flush_during_recovery: 0
2020/03/03-14:52:30.404452 7fd206238700             Options.allow_ingest_behind: 0
2020/03/03-14:52:30.404453 7fd206238700             Options.preserve_deletes: 0
2020/03/03-14:52:30.404454 7fd206238700             Options.two_write_queues: 0
2020/03/03-14:52:30.404455 7fd206238700             Options.manual_wal_flush: 0
2020/03/03-14:52:30.404456 7fd206238700             Options.max_background_jobs: 32
2020/03/03-14:52:30.404457 7fd206238700             Options.max_background_compactions: 16
2020/03/03-14:52:30.404458 7fd206238700             Options.avoid_flush_during_shutdown: 0
2020/03/03-14:52:30.404459 7fd206238700           Options.writable_file_max_buffer_size: 1048576
2020/03/03-14:52:30.404460 7fd206238700             Options.delayed_write_rate : 16777216
2020/03/03-14:52:30.404461 7fd206238700             Options.max_total_wal_size: 536870912
2020/03/03-14:52:30.404462 7fd206238700             Options.delete_obsolete_files_period_micros: 3600000000
2020/03/03-14:52:30.404463 7fd206238700                   Options.stats_dump_period_sec: 600
2020/03/03-14:52:30.404463 7fd206238700                          Options.max_open_files: -1
2020/03/03-14:52:30.404464 7fd206238700                          Options.bytes_per_sync: 0
2020/03/03-14:52:30.404467 7fd206238700                      Options.wal_bytes_per_sync: 0
2020/03/03-14:52:30.404468 7fd206238700       Options.compaction_readahead_size: 0
2020/03/03-14:52:30.404469 7fd206238700 Compression algorithms supported:
2020/03/03-14:52:30.404470 7fd206238700 	kZSTDNotFinalCompression supported: 1
2020/03/03-14:52:30.404472 7fd206238700 	kZSTD supported: 1
2020/03/03-14:52:30.404473 7fd206238700 	kXpressCompression supported: 0
2020/03/03-14:52:30.404474 7fd206238700 	kLZ4HCCompression supported: 1
2020/03/03-14:52:30.404475 7fd206238700 	kLZ4Compression supported: 1
2020/03/03-14:52:30.404476 7fd206238700 	kBZip2Compression supported: 1
2020/03/03-14:52:30.404477 7fd206238700 	kZlibCompression supported: 1
2020/03/03-14:52:30.404478 7fd206238700 	kSnappyCompression supported: 1
2020/03/03-14:52:30.404479 7fd206238700 Fast CRC32 supported: Not supported on x86
2020/03/03-14:52:30.404516 7fd206238700 [db/db_impl_open.cc:227] Creating manifest 1 
2020/03/03-14:52:30.418678 7fd206238700 [db/version_set.cc:3050] Recovering from manifest file: MANIFEST-000001
2020/03/03-14:52:30.418741 7fd206238700 [db/column_family.cc:433] --------------- Options for column family [default]:
2020/03/03-14:52:30.418744 7fd206238700               Options.comparator: leveldb.BytewiseComparator
2020/03/03-14:52:30.418745 7fd206238700           Options.merge_operator: None
2020/03/03-14:52:30.418746 7fd206238700        Options.compaction_filter: None
2020/03/03-14:52:30.418747 7fd206238700        Options.compaction_filter_factory: None
2020/03/03-14:52:30.418748 7fd206238700         Options.memtable_factory: SkipListFactory
2020/03/03-14:52:30.418750 7fd206238700            Options.table_factory: BlockBasedTable
2020/03/03-14:52:30.418776 7fd206238700            table_factory options:   flush_block_policy_factory: FlushBlockBySizePolicyFactory (0x7fd2025d0450)
  cache_index_and_filter_blocks: 1
  cache_index_and_filter_blocks_with_high_priority: 0
  pin_l0_filter_and_index_blocks_in_cache: 0
  index_type: 0
  hash_index_allow_collision: 1
  checksum: 2
  no_block_cache: 0
  block_cache: 0x7fd2025cf430
  block_cache_name: LRUCache
  block_cache_options:
    capacity : 107374182
    num_shard_bits : 6
    strict_capacity_limit : 0
    high_pri_pool_ratio: 0.000
  block_cache_compressed: (nil)
  persistent_cache: (nil)
  block_size: 4096
  block_size_deviation: 10
  block_restart_interval: 16
  index_block_restart_interval: 1
  metadata_block_size: 4096
  partition_filters: 0
  use_delta_encoding: 1
  filter_policy: rocksdb.BuiltinBloomFilter
  whole_key_filtering: 1
  verify_compression: 0
  read_amp_bytes_per_bit: 0
  format_version: 2
  enable_index_compression: 1
2020/03/03-14:52:30.418789 7fd206238700        Options.write_buffer_size: 4194304
2020/03/03-14:52:30.418790 7fd206238700  Options.max_write_buffer_number: 4
2020/03/03-14:52:30.418792 7fd206238700          Options.compression: LZ4
2020/03/03-14:52:30.418793 7fd206238700                  Options.bottommost_compression: Disabled
2020/03/03-14:52:30.418794 7fd206238700       Options.prefix_extractor: nullptr
2020/03/03-14:52:30.418795 7fd206238700   Options.memtable_insert_with_hint_prefix_extractor: nullptr
2020/03/03-14:52:30.418795 7fd206238700             Options.num_levels: 7
2020/03/03-14:52:30.418796 7fd206238700        Options.min_write_buffer_number_to_merge: 1
2020/03/03-14:52:30.418797 7fd206238700     Options.max_write_buffer_number_to_maintain: 0
2020/03/03-14:52:30.418798 7fd206238700            Options.compression_opts.window_bits: -14
2020/03/03-14:52:30.418799 7fd206238700                  Options.compression_opts.level: 32767
2020/03/03-14:52:30.418800 7fd206238700               Options.compression_opts.strategy: 0
2020/03/03-14:52:30.418801 7fd206238700         Options.compression_opts.max_dict_bytes: 0
2020/03/03-14:52:30.418802 7fd206238700      Options.level0_file_num_compaction_trigger: 4
2020/03/03-14:52:30.418803 7fd206238700          Options.level0_slowdown_writes_trigger: 20
2020/03/03-14:52:30.418804 7fd206238700              Options.level0_stop_writes_trigger: 36
2020/03/03-14:52:30.418804 7fd206238700                   Options.target_file_size_base: 4194304
2020/03/03-14:52:30.418805 7fd206238700             Options.target_file_size_multiplier: 1
2020/03/03-14:52:30.418806 7fd206238700                Options.max_bytes_for_level_base: 268435456
2020/03/03-14:52:30.418809 7fd206238700 Options.level_compaction_dynamic_level_bytes: 1
2020/03/03-14:52:30.418811 7fd206238700          Options.max_bytes_for_level_multiplier: 10.000000
2020/03/03-14:52:30.418812 7fd206238700 Options.max_bytes_for_level_multiplier_addtl[0]: 1
2020/03/03-14:52:30.418813 7fd206238700 Options.max_bytes_for_level_multiplier_addtl[1]: 1
2020/03/03-14:52:30.418814 7fd206238700 Options.max_bytes_for_level_multiplier_addtl[2]: 1
2020/03/03-14:52:30.418815 7fd206238700 Options.max_bytes_for_level_multiplier_addtl[3]: 1
2020/03/03-14:52:30.418816 7fd206238700 Options.max_bytes_for_level_multiplier_addtl[4]: 1
2020/03/03-14:52:30.418816 7fd206238700 Options.max_bytes_for_level_multiplier_addtl[5]: 1
2020/03/03-14:52:30.418817 7fd206238700 Options.max_bytes_for_level_multiplier_addtl[6]: 1
2020/03/03-14:52:30.418818 7fd206238700       Options.max_sequential_skip_in_iterations: 8
2020/03/03-14:52:30.418819 7fd206238700                    Options.max_compaction_bytes: 104857600
2020/03/03-14:52:30.418820 7fd206238700                        Options.arena_block_size: 524288
2020/03/03-14:52:30.418821 7fd206238700   Options.soft_pending_compaction_bytes_limit: 68719476736
2020/03/03-14:52:30.418822 7fd206238700   Options.hard_pending_compaction_bytes_limit: 274877906944
2020/03/03-14:52:30.418823 7fd206238700       Options.rate_limit_delay_max_milliseconds: 100
2020/03/03-14:52:30.418824 7fd206238700                Options.disable_auto_compactions: 0
2020/03/03-14:52:30.418825 7fd206238700                        Options.compaction_style: kCompactionStyleLevel
2020/03/03-14:52:30.418826 7fd206238700                          Options.compaction_pri: kByCompensatedSize
2020/03/03-14:52:30.418827 7fd206238700 Options.compaction_options_universal.size_ratio: 1
2020/03/03-14:52:30.418832 7fd206238700 Options.compaction_options_universal.min_merge_width: 2
2020/03/03-14:52:30.418833 7fd206238700 Options.compaction_options_universal.max_merge_width: 4294967295
2020/03/03-14:52:30.418834 7fd206238700 Options.compaction_options_universal.max_size_amplification_percent: 200
2020/03/03-14:52:30.418835 7fd206238700 Options.compaction_options_universal.compression_size_percent: -1
2020/03/03-14:52:30.418836 7fd206238700 Options.compaction_options_universal.stop_style: kCompactionStopStyleTotalSize
2020/03/03-14:52:30.418837 7fd206238700 Options.compaction_options_fifo.max_table_files_size: 1073741824
2020/03/03-14:52:30.418838 7fd206238700 Options.compaction_options_fifo.allow_compaction: 0
2020/03/03-14:52:30.418839 7fd206238700 Options.compaction_options_fifo.ttl: 0
2020/03/03-14:52:30.418840 7fd206238700                   Options.table_properties_collectors: 
2020/03/03-14:52:30.418841 7fd206238700                   Options.inplace_update_support: 0
2020/03/03-14:52:30.418842 7fd206238700                 Options.inplace_update_num_locks: 10000
2020/03/03-14:52:30.418843 7fd206238700               Options.memtable_prefix_bloom_size_ratio: 0.000000
2020/03/03-14:52:30.418844 7fd206238700   Options.memtable_huge_page_size: 0
2020/03/03-14:52:30.418845 7fd206238700                           Options.bloom_locality: 0
2020/03/03-14:52:30.418846 7fd206238700                    Options.max_successive_merges: 0
2020/03/03-14:52:30.418847 7fd206238700                Options.optimize_filters_for_hits: 0
2020/03/03-14:52:30.418848 7fd206238700                Options.paranoid_file_checks: 0
2020/03/03-14:52:30.418849 7fd206238700                Options.force_consistency_checks: 0
2020/03/03-14:52:30.418849 7fd206238700                Options.report_bg_io_stats: 0
2020/03/03-14:52:30.427831 7fd206238700 [db/version_set.cc:3316] Recovered from manifest file:data/standalone/bookkeeper0/current/locations/MANIFEST-000001 succeeded,manifest_file_number is 1, next_file_number is 3, last_sequence is 0, log_number is 0,prev_log_number is 0,max_column_family is 0
2020/03/03-14:52:30.427843 7fd206238700 [db/version_set.cc:3324] Column family [default] (ID 0), log number is 0
2020/03/03-14:52:30.472760 7fd206238700 [db/db_impl_open.cc:1188] DB pointer 0x7fd2025cd280
